image_width: 640
image_height: 480
camera_name: camera
camera_matrix:
  rows: 3
  cols: 3
  data: [494.299065, 0.000000, 332.196828, 0.000000, 662.458164, 247.101468, 0.000000, 0.000000, 1.000000]
distortion_model: plumb_bob
distortion_coefficients:
  rows: 1
  cols: 5
  data: [-0.345012, 0.095848, 0.002051, 0.000171, 0.000000]
rectification_matrix:
  rows: 3
  cols: 3
  data: [1.000000, 0.000000, 0.000000, 0.000000, 1.000000, 0.000000, 0.000000, 0.000000, 1.000000]
projection_matrix:
  rows: 3
  cols: 4
  data: [405.857300, 0.000000, 338.065440, 0.000000, 0.000000, 628.975464, 247.997217, 0.000000, 0.000000, 0.000000, 1.000000, 0.000000]
